22.9708,22.9714,22.9724,22.974,22.9762,22.9788,22.982,22.9858,22.99,22.9948,23.0001,23.006,23.0123,23.0191,23.0265,23.0344,23.0427,23.0516,23.0609,23.0707,23.081,23.0918,23.103,23.1147,23.1269,23.1394,23.1525,23.1659,23.1798,23.1941,23.2087,23.2238,23.2393,23.2551,23.2713,23.2879,23.3048,23.3221,23.3396,23.3575,23.3757,23.3942,23.413,23.4321,23.4514,23.4709,23.4908,23.5108,23.531,23.5515,23.5721,23.5929,23.6139,23.6351,23.6563,23.6777,23.6992,23.7209,23.7426,23.7644,23.7862,23.8081,23.83,23.852,23.874,23.8959,23.9179,23.9398,23.9617,23.9835,24.0052,24.0269,24.0485,24.0699,24.0913,24.1125,24.1335,24.1544,24.1751,24.1957,24.216,24.2362,24.2561,24.2757,24.2952,24.3143,24.3332,24.3519,24.3702,24.3882,24.4059,24.4233,24.4404,24.4571,24.4734,24.4894,24.505,24.5202,24.535,24.5494,24.5634,24.577,24.5902,24.6029,24.6151,24.627,24.6383,24.6492,24.6596,24.6695,24.679,24.6879,24.6964,24.7043,24.7118,24.7187,24.7251,24.731,24.7364,24.7412,24.7455,24.7493,24.7526,24.7553,24.7574,24.7591,24.7601,24.7607,24.7607,24.7601,24.7591,24.7574,24.7553,24.7526,24.7493,24.7455,24.7412,24.7364,24.731,24.7251,24.7187,24.7118,24.7043,24.6964,24.6879,24.679,24.6695,24.6596,24.6492,24.6383,24.627,24.6151,24.6029,24.5902,24.577,24.5634,24.5494,24.535,24.5202,24.505,24.4894,24.4734,24.4571,24.4404,24.4233,24.4059,24.3882,24.3702,24.3519,24.3332,24.3143,24.2952,24.2757,24.2561,24.2362,24.216,24.1957,24.1751,24.1544,24.1335,24.1125,24.0913,24.0699,24.0485,24.0269,24.0052,23.9835,23.9617,23.9398,23.9179,23.8959,23.874,23.852,23.83,23.8081,23.7862,23.7644,23.7426,23.7209,23.6992,23.6777,23.6563,23.6351,23.6139,23.5929,23.5721,23.5515,23.531,23.5108,23.4908,23.4709,23.4514,23.4321,23.413,23.3942,23.3757,23.3575,23.3396,23.3221,23.3048,23.2879,23.2713,23.2551,23.2393,23.2238,23.2087,23.1941,23.1798,23.1659,23.1525,23.1394,23.1269,23.1147,23.103,23.0918,23.081,23.0707,23.0609,23.0516,23.0427,23.0344,23.0265,23.0191,23.0123,23.006,23.0001,22.9948,22.99,22.9858,22.982,22.9788,22.9762,22.974,22.9724,22.9714,22.9708
22.9714,22.9719,22.973,22.9746,22.9767,22.9794,22.9826,22.9863,22.9906,22.9954,23.0007,23.0065,23.0128,23.0197,23.027,23.0349,23.0433,23.0521,23.0615,23.0713,23.0816,23.0924,23.1036,23.1153,23.1274,23.14,23.153,23.1665,23.1803,23.1946,23.2093,23.2244,23.2399,23.2557,23.2719,23.2885,23.3054,23.3227,23.3402,23.3581,23.3763,23.3948,23.4136,23.4327,23.452,23.4716,23.4914,23.5114,23.5317,23.5521,23.5728,23.5936,23.6146,23.6357,23.657,23.6784,23.6999,23.7215,23.7432,23.765,23.7869,23.8088,23.8307,23.8527,23.8747,23.8966,23.9186,23.9405,23.9624,23.9842,24.0059,24.0276,24.0492,24.0707,24.092,24.1132,24.1343,24.1552,24.1759,24.1964,24.2168,24.2369,24.2568,24.2765,24.2959,24.3151,24.334,24.3527,24.371,24.389,24.4067,24.4241,24.4412,24.4579,24.4742,24.4902,24.5058,24.521,24.5358,24.5502,24.5643,24.5778,24.591,24.6037,24.616,24.6278,24.6391,24.65,24.6604,24.6704,24.6798,24.6888,24.6972,24.7052,24.7126,24.7196,24.726,24.7319,24.7372,24.7421,24.7464,24.7502,24.7534,24.7561,24.7583,24.7599,24.761,24.7615,24.7615,24.761,24.7599,24.7583,24.7561,24.7534,24.7502,24.7464,24.7421,24.7372,24.7319,24.726,24.7196,24.7126,24.7052,24.6972,24.6888,24.6798,24.6704,24.6604,24.65,24.6391,24.6278,24.616,24.6037,24.591,24.5778,24.5643,24.5502,24.5358,24.521,24.5058,24.4902,24.4742,24.4579,24.4412,24.4241,24.4067,24.389,24.371,24.3527,24.334,24.3151,24.2959,24.2765,24.2568,24.2369,24.2168,24.1964,24.1759,24.1552,24.1343,24.1132,24.092,24.0707,24.0492,24.0276,24.0059,23.9842,23.9624,23.9405,23.9186,23.8966,23.8747,23.8527,23.8307,23.8088,23.7869,23.765,23.7432,23.7215,23.6999,23.6784,23.657,23.6357,23.6146,23.5936,23.5728,23.5521,23.5317,23.5114,23.4914,23.4716,23.452,23.4327,23.4136,23.3948,23.3763,23.3581,23.3402,23.3227,23.3054,23.2885,23.2719,23.2557,23.2399,23.2244,23.2093,23.1946,23.1803,23.1665,23.153,23.14,23.1274,23.1153,23.1036,23.0924,23.0816,23.0713,23.0615,23.0521,23.0433,23.0349,23.027,23.0197,23.0128,23.0065,23.0007,22.9954,22.9906,22.9863,22.9826,22.9794,22.9767,22.9746,22.973,22.9719,22.9714
22.9724,22.973,22.974,22.9756,22.9778,22.9805,22.9837,22.9874,22.9917,22.9964,23.0018,23.0076,23.0139,23.0208,23.0281,23.036,23.0444,23.0532,23.0626,23.0724,23.0827,23.0935,23.1047,23.1164,23.1285,23.1411,23.1542,23.1676,23.1815,23.1958,23.2105,23.2256,23.241,23.2569,23.2731,23.2897,23.3066,23.3239,23.3414,23.3593,23.3776,23.3961,23.4149,23.4339,23.4532,23.4728,23.4926,23.5127,23.5329,23.5534,23.574,23.5949,23.6159,23.637,23.6583,23.6797,23.7012,23.7229,23.7446,23.7664,23.7883,23.8102,23.8321,23.8541,23.8761,23.898,23.92,23.9419,23.9638,23.9856,24.0074,24.0291,24.0506,24.0721,24.0935,24.1147,24.1358,24.1567,24.1774,24.198,24.2183,24.2385,24.2584,24.2781,24.2975,24.3167,24.3356,24.3542,24.3726,24.3906,24.4083,24.4257,24.4428,24.4595,24.4758,24.4918,24.5074,24.5226,24.5375,24.5519,24.5659,24.5795,24.5926,24.6054,24.6176,24.6295,24.6408,24.6517,24.6621,24.6721,24.6815,24.6905,24.6989,24.7069,24.7143,24.7213,24.7277,24.7336,24.7389,24.7438,24.7481,24.7519,24.7551,24.7578,24.76,24.7616,24.7627,24.7633,24.7633,24.7627,24.7616,24.76,24.7578,24.7551,24.7519,24.7481,24.7438,24.7389,24.7336,24.7277,24.7213,24.7143,24.7069,24.6989,24.6905,24.6815,24.6721,24.6621,24.6517,24.6408,24.6295,24.6176,24.6054,24.5926,24.5795,24.5659,24.5519,24.5375,24.5226,24.5074,24.4918,24.4758,24.4595,24.4428,24.4257,24.4083,24.3906,24.3726,24.3542,24.3356,24.3167,24.2975,24.2781,24.2584,24.2385,24.2183,24.198,24.1774,24.1567,24.1358,24.1147,24.0935,24.0721,24.0506,24.0291,24.0074,23.9856,23.9638,23.9419,23.92,23.898,23.8761,23.8541,23.8321,23.8102,23.7883,23.7664,23.7446,23.7229,23.7012,23.6797,23.6583,23.637,23.6159,23.5949,23.574,23.5534,23.5329,23.5127,23.4926,23.4728,23.4532,23.4339,23.4149,23.3961,23.3776,23.3593,23.3414,23.3239,23.3066,23.2897,23.2731,23.2569,23.241,23.2256,23.2105,23.1958,23.1815,23.1676,23.1542,23.1411,23.1285,23.1164,23.1047,23.0935,23.0827,23.0724,23.0626,23.0532,23.0444,23.036,23.0281,23.0208,23.0139,23.0076,23.0018,22.9964,22.9917,22.9874,22.9837,22.9805,22.9778,22.9756,22.974,22.973,22.9724
22.974,22.9746,22.9756,22.9772,22.9794,22.9821,22.9853,22.989,22.9933,22.9981,23.0034,23.0092,23.0155,23.0224,23.0298,23.0376,23.046,23.0549,23.0642,23.074,23.0844,23.0951,23.1064,23.1181,23.1302,23.1428,23.1559,23.1693,23.1832,23.1975,23.2122,23.2273,23.2428,23.2586,23.2749,23.2915,23.3084,23.3257,23.3433,23.3612,23.3794,23.3979,23.4167,23.4358,23.4551,23.4747,23.4945,23.5146,23.5348,23.5553,23.576,23.5968,23.6178,23.639,23.6603,23.6817,23.7032,23.7249,23.7466,23.7684,23.7903,23.8122,23.8342,23.8562,23.8781,23.9001,23.9221,23.944,23.9659,23.9878,24.0096,24.0312,24.0528,24.0743,24.0957,24.1169,24.138,24.1589,24.1797,24.2002,24.2206,24.2407,24.2607,24.2804,24.2998,24.319,24.3379,24.3566,24.3749,24.393,24.4107,24.4281,24.4452,24.4619,24.4782,24.4942,24.5098,24.5251,24.5399,24.5543,24.5684,24.582,24.5951,24.6078,24.6201,24.632,24.6433,24.6542,24.6646,24.6746,24.684,24.693,24.7015,24.7094,24.7169,24.7238,24.7302,24.7361,24.7415,24.7464,24.7507,24.7545,24.7577,24.7604,24.7626,24.7642,24.7653,24.7658,24.7658,24.7653,24.7642,24.7626,24.7604,24.7577,24.7545,24.7507,24.7464,24.7415,24.7361,24.7302,24.7238,24.7169,24.7094,24.7015,24.693,24.684,24.6746,24.6646,24.6542,24.6433,24.632,24.6201,24.6078,24.5951,24.582,24.5684,24.5543,24.5399,24.5251,24.5098,24.4942,24.4782,24.4619,24.4452,24.4281,24.4107,24.393,24.3749,24.3566,24.3379,24.319,24.2998,24.2804,24.2607,24.2407,24.2206,24.2002,24.1797,24.1589,24.138,24.1169,24.0957,24.0743,24.0528,24.0312,24.0096,23.9878,23.9659,23.944,23.9221,23.9001,23.8781,23.8562,23.8342,23.8122,23.7903,23.7684,23.7466,23.7249,23.7032,23.6817,23.6603,23.639,23.6178,23.5968,23.576,23.5553,23.5348,23.5146,23.4945,23.4747,23.4551,23.4358,23.4167,23.3979,23.3794,23.3612,23.3433,23.3257,23.3084,23.2915,23.2749,23.2586,23.2428,23.2273,23.2122,23.1975,23.1832,23.1693,23.1559,23.1428,23.1302,23.1181,23.1064,23.0951,23.0844,23.074,23.0642,23.0549,23.046,23.0376,23.0298,23.0224,23.0155,23.0092,23.0034,22.9981,22.9933,22.989,22.9853,22.9821,22.9794,22.9772,22.9756,22.9746,22.974
22.9762,22.9767,22.9778,22.9794,22.9815,22.9842,22.9874,22.9912,22.9954,23.0002,23.0055,23.0114,23.0177,23.0246,23.0319,23.0398,23.0482,23.0571,23.0664,23.0763,23.0866,23.0974,23.1086,23.1203,23.1325,23.1451,23.1581,23.1716,23.1855,23.1998,23.2145,23.2296,23.2451,23.261,23.2772,23.2938,23.3108,23.328,23.3457,23.3636,23.3818,23.4003,23.4192,23.4382,23.4576,23.4772,23.497,23.5171,23.5374,23.5579,23.5786,23.5994,23.6204,23.6416,23.6629,23.6844,23.7059,23.7276,23.7493,23.7711,23.793,23.815,23.8369,23.8589,23.8809,23.9029,23.9249,23.9469,23.9688,23.9907,24.0124,24.0341,24.0558,24.0773,24.0986,24.1199,24.141,24.1619,24.1827,24.2032,24.2236,24.2438,24.2637,24.2834,24.3029,24.3221,24.3411,24.3597,24.3781,24.3961,24.4139,24.4313,24.4484,24.4651,24.4815,24.4975,24.5131,24.5283,24.5432,24.5576,24.5716,24.5853,24.5984,24.6112,24.6235,24.6353,24.6467,24.6576,24.668,24.6779,24.6874,24.6964,24.7048,24.7128,24.7203,24.7272,24.7336,24.7395,24.7449,24.7498,24.7541,24.7579,24.7611,24.7638,24.766,24.7676,24.7687,24.7693,24.7693,24.7687,24.7676,24.766,24.7638,24.7611,24.7579,24.7541,24.7498,24.7449,24.7395,24.7336,24.7272,24.7203,24.7128,24.7048,24.6964,24.6874,24.6779,24.668,24.6576,24.6467,24.6353,24.6235,24.6112,24.5984,24.5853,24.5716,24.5576,24.5432,24.5283,24.5131,24.4975,24.4815,24.4651,24.4484,24.4313,24.4139,24.3961,24.3781,24.3597,24.3411,24.3221,24.3029,24.2834,24.2637,24.2438,24.2236,24.2032,24.1827,24.1619,24.141,24.1199,24.0986,24.0773,24.0558,24.0341,24.0124,23.9907,23.9688,23.9469,23.9249,23.9029,23.8809,23.8589,23.8369,23.815,23.793,23.7711,23.7493,23.7276,23.7059,23.6844,23.6629,23.6416,23.6204,23.5994,23.5786,23.5579,23.5374,23.5171,23.497,23.4772,23.4576,23.4382,23.4192,23.4003,23.3818,23.3636,23.3457,23.328,23.3108,23.2938,23.2772,23.261,23.2451,23.2296,23.2145,23.1998,23.1855,23.1716,23.1581,23.1451,23.1325,23.1203,23.1086,23.0974,23.0866,23.0763,23.0664,23.0571,23.0482,23.0398,23.0319,23.0246,23.0177,23.0114,23.0055,23.0002,22.9954,22.9912,22.9874,22.9842,22.9815,22.9794,22.9778,22.9767,22.9762
22.9788,22.9794,22.9805,22.9821,22.9842,22.9869,22.9901,22.9938,22.9981,23.0029,23.0082,23.0141,23.0204,23.0273,23.0347,23.0426,23.0509,23.0598,23.0692,23.079,23.0893,23.1001,23.1114,23.1231,23.1353,23.1479,23.161,23.1745,23.1884,23.2027,23.2174,23.2325,23.248,23.2639,23.2802,23.2968,23.3137,23.331,23.3487,23.3666,23.3849,23.4034,23.4222,23.4413,23.4607,23.4803,23.5002,23.5203,23.5406,23.5611,23.5818,23.6026,23.6237,23.6449,23.6662,23.6877,23.7092,23.7309,23.7527,23.7745,23.7964,23.8184,23.8404,23.8624,23.8844,23.9064,23.9284,23.9504,23.9724,23.9942,24.016,24.0378,24.0594,24.0809,24.1023,24.1236,24.1447,24.1656,24.1864,24.207,24.2274,24.2476,24.2676,24.2873,24.3068,24.326,24.345,24.3636,24.382,24.4001,24.4178,24.4353,24.4523,24.4691,24.4855,24.5015,24.5171,24.5324,24.5473,24.5617,24.5758,24.5894,24.6026,24.6153,24.6276,24.6394,24.6508,24.6617,24.6722,24.6821,24.6916,24.7006,24.7091,24.717,24.7245,24.7315,24.7379,24.7438,24.7492,24.754,24.7584,24.7621,24.7654,24.7681,24.7703,24.7719,24.773,24.7735,24.7735,24.773,24.7719,24.7703,24.7681,24.7654,24.7621,24.7584,24.754,24.7492,24.7438,24.7379,24.7315,24.7245,24.717,24.7091,24.7006,24.6916,24.6821,24.6722,24.6617,24.6508,24.6394,24.6276,24.6153,24.6026,24.5894,24.5758,24.5617,24.5473,24.5324,24.5171,24.5015,24.4855,24.4691,24.4523,24.4353,24.4178,24.4001,24.382,24.3636,24.345,24.326,24.3068,24.2873,24.2676,24.2476,24.2274,24.207,24.1864,24.1656,24.1447,24.1236,24.1023,24.0809,24.0594,24.0378,24.016,23.9942,23.9724,23.9504,23.9284,23.9064,23.8844,23.8624,23.8404,23.8184,23.7964,23.7745,23.7527,23.7309,23.7092,23.6877,23.6662,23.6449,23.6237,23.6026,23.5818,23.5611,23.5406,23.5203,23.5002,23.4803,23.4607,23.4413,23.4222,23.4034,23.3849,23.3666,23.3487,23.331,23.3137,23.2968,23.2802,23.2639,23.248,23.2325,23.2174,23.2027,23.1884,23.1745,23.161,23.1479,23.1353,23.1231,23.1114,23.1001,23.0893,23.079,23.0692,23.0598,23.0509,23.0426,23.0347,23.0273,23.0204,23.0141,23.0082,23.0029,22.9981,22.9938,22.9901,22.9869,22.9842,22.9821,22.9805,22.9794,22.9788
22.982,22.9826,22.9837,22.9853,22.9874,22.9901,22.9933,22.9971,23.0013,23.0061,23.0115,23.0173,23.0237,23.0306,23.0379,23.0458,23.0542,23.0631,23.0725,23.0823,23.0927,23.1035,23.1148,23.1265,23.1387,23.1513,23.1644,23.1779,23.1918,23.2061,23.2209,23.236,23.2515,23.2674,23.2837,23.3003,23.3173,23.3346,23.3523,23.3702,23.3885,23.4071,23.4259,23.445,23.4644,23.4841,23.5039,23.5241,23.5444,23.5649,23.5856,23.6065,23.6276,23.6488,23.6701,23.6916,23.7132,23.7349,23.7567,23.7786,23.8005,23.8225,23.8445,23.8665,23.8886,23.9106,23.9327,23.9547,23.9766,23.9985,24.0204,24.0421,24.0638,24.0853,24.1067,24.128,24.1491,24.1701,24.1909,24.2115,24.232,24.2522,24.2722,24.2919,24.3114,24.3306,24.3496,24.3683,24.3867,24.4048,24.4226,24.44,24.4571,24.4739,24.4903,24.5063,24.522,24.5373,24.5521,24.5666,24.5807,24.5943,24.6075,24.6203,24.6326,24.6444,24.6558,24.6668,24.6772,24.6872,24.6967,24.7056,24.7141,24.7221,24.7296,24.7365,24.743,24.7489,24.7543,24.7591,24.7635,24.7673,24.7705,24.7732,24.7754,24.777,24.7781,24.7787,24.7787,24.7781,24.777,24.7754,24.7732,24.7705,24.7673,24.7635,24.7591,24.7543,24.7489,24.743,24.7365,24.7296,24.7221,24.7141,24.7056,24.6967,24.6872,24.6772,24.6668,24.6558,24.6444,24.6326,24.6203,24.6075,24.5943,24.5807,24.5666,24.5521,24.5373,24.522,24.5063,24.4903,24.4739,24.4571,24.44,24.4226,24.4048,24.3867,24.3683,24.3496,24.3306,24.3114,24.2919,24.2722,24.2522,24.232,24.2115,24.1909,24.1701,24.1491,24.128,24.1067,24.0853,24.0638,24.0421,24.0204,23.9985,23.9766,23.9547,23.9327,23.9106,23.8886,23.8665,23.8445,23.8225,23.8005,23.7786,23.7567,23.7349,23.7132,23.6916,23.6701,23.6488,23.6276,23.6065,23.5856,23.5649,23.5444,23.5241,23.5039,23.4841,23.4644,23.445,23.4259,23.4071,23.3885,23.3702,23.3523,23.3346,23.3173,23.3003,23.2837,23.2674,23.2515,23.236,23.2209,23.2061,23.1918,23.1779,23.1644,23.1513,23.1387,23.1265,23.1148,23.1035,23.0927,23.0823,23.0725,23.0631,23.0542,23.0458,23.0379,23.0306,23.0237,23.0173,23.0115,23.0061,23.0013,22.9971,22.9933,22.9901,22.9874,22.9853,22.9837,22.9826,22.982
22.9858,22.9863,22.9874,22.989,22.9912,22.9938,22.9971,23.0008,23.0051,23.0099,23.0152,23.0211,23.0275,23.0343,23.0417,23.0496,23.058,23.0669,23.0763,23.0862,23.0965,23.1074,23.1187,23.1304,23.1426,23.1552,23.1683,23.1819,23.1958,23.2101,23.2249,23.2401,23.2556,23.2715,23.2878,23.3045,23.3215,23.3388,23.3565,23.3744,23.3927,23.4113,23.4302,23.4493,23.4688,23.4884,23.5083,23.5285,23.5488,23.5694,23.5901,23.611,23.6321,23.6534,23.6747,23.6962,23.7179,23.7396,23.7614,23.7833,23.8053,23.8273,23.8493,23.8714,23.8935,23.9155,23.9376,23.9596,23.9816,24.0035,24.0254,24.0472,24.0688,24.0904,24.1119,24.1332,24.1543,24.1753,24.1962,24.2168,24.2373,24.2575,24.2775,24.2973,24.3168,24.3361,24.3551,24.3738,24.3922,24.4103,24.4281,24.4456,24.4627,24.4795,24.4959,24.512,24.5277,24.543,24.5578,24.5723,24.5864,24.6001,24.6133,24.626,24.6384,24.6502,24.6617,24.6726,24.6831,24.693,24.7025,24.7115,24.72,24.728,24.7355,24.7425,24.7489,24.7548,24.7602,24.7651,24.7694,24.7732,24.7765,24.7792,24.7814,24.783,24.7841,24.7847,24.7847,24.7841,24.783,24.7814,24.7792,24.7765,24.7732,24.7694,24.7651,24.7602,24.7548,24.7489,24.7425,24.7355,24.728,24.72,24.7115,24.7025,24.693,24.6831,24.6726,24.6617,24.6502,24.6384,24.626,24.6133,24.6001,24.5864,24.5723,24.5578,24.543,24.5277,24.512,24.4959,24.4795,24.4627,24.4456,24.4281,24.4103,24.3922,24.3738,24.3551,24.3361,24.3168,24.2973,24.2775,24.2575,24.2373,24.2168,24.1962,24.1753,24.1543,24.1332,24.1119,24.0904,24.0688,24.0472,24.0254,24.0035,23.9816,23.9596,23.9376,23.9155,23.8935,23.8714,23.8493,23.8273,23.8053,23.7833,23.7614,23.7396,23.7179,23.6962,23.6747,23.6534,23.6321,23.611,23.5901,23.5694,23.5488,23.5285,23.5083,23.4884,23.4688,23.4493,23.4302,23.4113,23.3927,23.3744,23.3565,23.3388,23.3215,23.3045,23.2878,23.2715,23.2556,23.2401,23.2249,23.2101,23.1958,23.1819,23.1683,23.1552,23.1426,23.1304,23.1187,23.1074,23.0965,23.0862,23.0763,23.0669,23.058,23.0496,23.0417,23.0343,23.0275,23.0211,23.0152,23.0099,23.0051,23.0008,22.9971,22.9938,22.9912,22.989,22.9874,22.9863,22.9858
22.99,22.9906,22.9917,22.9933,22.9954,22.9981,23.0013,23.0051,23.0094,23.0142,23.0195,23.0254,23.0318,23.0387,23.0461,23.054,23.0624,23.0713,23.0807,23.0906,23.101,23.1118,23.1231,23.1349,23.1471,23.1598,23.1729,23.1864,23.2003,23.2147,23.2295,23.2447,23.2602,23.2762,23.2925,23.3092,23.3262,23.3436,23.3612,23.3793,23.3976,23.4162,23.4351,23.4543,23.4737,23.4934,23.5133,23.5335,23.5539,23.5745,23.5952,23.6162,23.6373,23.6586,23.68,23.7015,23.7232,23.7449,23.7668,23.7887,23.8107,23.8327,23.8548,23.8769,23.899,23.9211,23.9432,23.9653,23.9873,24.0092,24.0311,24.0529,24.0746,24.0962,24.1177,24.1391,24.1603,24.1813,24.2022,24.2228,24.2433,24.2636,24.2836,24.3034,24.323,24.3423,24.3613,24.38,24.3985,24.4166,24.4344,24.4519,24.4691,24.4859,24.5023,24.5184,24.5341,24.5494,24.5643,24.5789,24.5929,24.6066,24.6199,24.6326,24.645,24.6569,24.6683,24.6793,24.6897,24.6997,24.7092,24.7183,24.7268,24.7348,24.7423,24.7492,24.7557,24.7616,24.767,24.7719,24.7762,24.78,24.7833,24.786,24.7882,24.7898,24.7909,24.7915,24.7915,24.7909,24.7898,24.7882,24.786,24.7833,24.78,24.7762,24.7719,24.767,24.7616,24.7557,24.7492,24.7423,24.7348,24.7268,24.7183,24.7092,24.6997,24.6897,24.6793,24.6683,24.6569,24.645,24.6326,24.6199,24.6066,24.5929,24.5789,24.5643,24.5494,24.5341,24.5184,24.5023,24.4859,24.4691,24.4519,24.4344,24.4166,24.3985,24.38,24.3613,24.3423,24.323,24.3034,24.2836,24.2636,24.2433,24.2228,24.2022,24.1813,24.1603,24.1391,24.1177,24.0962,24.0746,24.0529,24.0311,24.0092,23.9873,23.9653,23.9432,23.9211,23.899,23.8769,23.8548,23.8327,23.8107,23.7887,23.7668,23.7449,23.7232,23.7015,23.68,23.6586,23.6373,23.6162,23.5952,23.5745,23.5539,23.5335,23.5133,23.4934,23.4737,23.4543,23.4351,23.4162,23.3976,23.3793,23.3612,23.3436,23.3262,23.3092,23.2925,23.2762,23.2602,23.2447,23.2295,23.2147,23.2003,23.1864,23.1729,23.1598,23.1471,23.1349,23.1231,23.1118,23.101,23.0906,23.0807,23.0713,23.0624,23.054,23.0461,23.0387,23.0318,23.0254,23.0195,23.0142,23.0094,23.0051,23.0013,22.9981,22.9954,22.9933,22.9917,22.9906,22.99
22.9948,22.9954,22.9964,22.9981,23.0002,23.0029,23.0061,23.0099,23.0142,23.019,23.0244,23.0302,23.0366,23.0435,23.051,23.0589,23.0673,23.0762,23.0856,23.0955,23.1059,23.1168,23.1281,23.1399,23.1521,23.1648,23.1779,23.1915,23.2055,23.2199,23.2347,23.2499,23.2655,23.2814,23.2978,23.3145,23.3315,23.3489,23.3666,23.3847,23.403,23.4217,23.4406,23.4598,23.4793,23.499,23.519,23.5391,23.5596,23.5802,23.601,23.622,23.6431,23.6644,23.6859,23.7074,23.7291,23.7509,23.7728,23.7948,23.8168,23.8389,23.861,23.8831,23.9053,23.9274,23.9495,23.9716,23.9937,24.0157,24.0376,24.0594,24.0812,24.1028,24.1243,24.1457,24.1669,24.188,24.2089,24.2296,24.2501,24.2704,24.2905,24.3103,24.3299,24.3492,24.3683,24.387,24.4055,24.4237,24.4415,24.459,24.4762,24.4931,24.5095,24.5256,24.5414,24.5567,24.5716,24.5862,24.6003,24.614,24.6272,24.6401,24.6524,24.6643,24.6758,24.6867,24.6972,24.7073,24.7168,24.7258,24.7343,24.7423,24.7498,24.7568,24.7633,24.7692,24.7746,24.7795,24.7839,24.7877,24.791,24.7937,24.7959,24.7975,24.7986,24.7991,24.7991,24.7986,24.7975,24.7959,24.7937,24.791,24.7877,24.7839,24.7795,24.7746,24.7692,24.7633,24.7568,24.7498,24.7423,24.7343,24.7258,24.7168,24.7073,24.6972,24.6867,24.6758,24.6643,24.6524,24.6401,24.6272,24.614,24.6003,24.5862,24.5716,24.5567,24.5414,24.5256,24.5095,24.4931,24.4762,24.459,24.4415,24.4237,24.4055,24.387,24.3683,24.3492,24.3299,24.3103,24.2905,24.2704,24.2501,24.2296,24.2089,24.188,24.1669,24.1457,24.1243,24.1028,24.0812,24.0594,24.0376,24.0157,23.9937,23.9716,23.9495,23.9274,23.9053,23.8831,23.861,23.8389,23.8168,23.7948,23.7728,23.7509,23.7291,23.7074,23.6859,23.6644,23.6431,23.622,23.601,23.5802,23.5596,23.5391,23.519,23.499,23.4793,23.4598,23.4406,23.4217,23.403,23.3847,23.3666,23.3489,23.3315,23.3145,23.2978,23.2814,23.2655,23.2499,23.2347,23.2199,23.2055,23.1915,23.1779,23.1648,23.1521,23.1399,23.1281,23.1168,23.1059,23.0955,23.0856,23.0762,23.0673,23.0589,23.051,23.0435,23.0366,23.0302,23.0244,23.019,23.0142,23.0099,23.0061,23.0029,23.0002,22.9981,22.9964,22.9954,22.9948
23.0001,23.0007,23.0018,23.0034,23.0055,23.0082,23.0115,23.0152,23.0195,23.0244,23.0297,23.0356,23.042,23.0489,23.0564,23.0643,23.0727,23.0817,23.0911,23.101,23.1114,23.1223,23.1336,23.1454,23.1577,23.1704,23.1836,23.1971,23.2111,23.2256,23.2404,23.2556,23.2712,23.2872,23.3036,23.3203,23.3374,23.3548,23.3726,23.3907,23.409,23.4277,23.4467,23.4659,23.4854,23.5052,23.5252,23.5454,23.5659,23.5865,23.6074,23.6284,23.6496,23.6709,23.6924,23.714,23.7357,23.7576,23.7795,23.8015,23.8236,23.8457,23.8678,23.89,23.9122,23.9344,23.9565,23.9786,24.0007,24.0228,24.0447,24.0666,24.0884,24.1101,24.1316,24.153,24.1743,24.1954,24.2163,24.2371,24.2576,24.2779,24.2981,24.3179,24.3375,24.3569,24.376,24.3948,24.4133,24.4315,24.4494,24.4669,24.4842,24.501,24.5175,24.5337,24.5494,24.5648,24.5797,24.5943,24.6084,24.6222,24.6354,24.6483,24.6607,24.6726,24.6841,24.695,24.7056,24.7156,24.7251,24.7342,24.7427,24.7507,24.7583,24.7653,24.7717,24.7777,24.7831,24.788,24.7923,24.7962,24.7994,24.8022,24.8044,24.806,24.8071,24.8076,24.8076,24.8071,24.806,24.8044,24.8022,24.7994,24.7962,24.7923,24.788,24.7831,24.7777,24.7717,24.7653,24.7583,24.7507,24.7427,24.7342,24.7251,24.7156,24.7056,24.695,24.6841,24.6726,24.6607,24.6483,24.6354,24.6222,24.6084,24.5943,24.5797,24.5648,24.5494,24.5337,24.5175,24.501,24.4842,24.4669,24.4494,24.4315,24.4133,24.3948,24.376,24.3569,24.3375,24.3179,24.2981,24.2779,24.2576,24.2371,24.2163,24.1954,24.1743,24.153,24.1316,24.1101,24.0884,24.0666,24.0447,24.0228,24.0007,23.9786,23.9565,23.9344,23.9122,23.89,23.8678,23.8457,23.8236,23.8015,23.7795,23.7576,23.7357,23.714,23.6924,23.6709,23.6496,23.6284,23.6074,23.5865,23.5659,23.5454,23.5252,23.5052,23.4854,23.4659,23.4467,23.4277,23.409,23.3907,23.3726,23.3548,23.3374,23.3203,23.3036,23.2872,23.2712,23.2556,23.2404,23.2256,23.2111,23.1971,23.1836,23.1704,23.1577,23.1454,23.1336,23.1223,23.1114,23.101,23.0911,23.0817,23.0727,23.0643,23.0564,23.0489,23.042,23.0356,23.0297,23.0244,23.0195,23.0152,23.0115,23.0082,23.0055,23.0034,23.0018,23.0007,23.0001
23.006,23.0065,23.0076,23.0092,23.0114,23.0141,23.0173,23.0211,23.0254,23.0302,23.0356,23.0415,23.0479,23.0548,23.0623,23.0702,23.0787,23.0877,23.0971,23.107,23.1175,23.1284,23.1397,23.1515,23.1638,23.1766,23.1897,23.2033,23.2174,23.2318,23.2467,23.2619,23.2776,23.2936,23.31,23.3268,23.3439,23.3613,23.3791,23.3972,23.4157,23.4344,23.4534,23.4727,23.4922,23.512,23.532,23.5523,23.5728,23.5935,23.6144,23.6354,23.6566,23.678,23.6996,23.7212,23.743,23.7649,23.7868,23.8089,23.831,23.8531,23.8753,23.8975,23.9198,23.942,23.9642,23.9864,24.0085,24.0306,24.0526,24.0745,24.0963,24.118,24.1396,24.1611,24.1824,24.2035,24.2245,24.2453,24.2659,24.2862,24.3064,24.3263,24.346,24.3654,24.3845,24.4033,24.4219,24.4401,24.458,24.4756,24.4929,24.5098,24.5263,24.5425,24.5582,24.5736,24.5886,24.6032,24.6174,24.6311,24.6444,24.6573,24.6697,24.6817,24.6931,24.7042,24.7147,24.7247,24.7343,24.7434,24.7519,24.76,24.7675,24.7745,24.781,24.787,24.7924,24.7973,24.8016,24.8055,24.8088,24.8115,24.8137,24.8153,24.8164,24.817,24.817,24.8164,24.8153,24.8137,24.8115,24.8088,24.8055,24.8016,24.7973,24.7924,24.787,24.781,24.7745,24.7675,24.76,24.7519,24.7434,24.7343,24.7247,24.7147,24.7042,24.6931,24.6817,24.6697,24.6573,24.6444,24.6311,24.6174,24.6032,24.5886,24.5736,24.5582,24.5425,24.5263,24.5098,24.4929,24.4756,24.458,24.4401,24.4219,24.4033,24.3845,24.3654,24.346,24.3263,24.3064,24.2862,24.2659,24.2453,24.2245,24.2035,24.1824,24.1611,24.1396,24.118,24.0963,24.0745,24.0526,24.0306,24.0085,23.9864,23.9642,23.942,23.9198,23.8975,23.8753,23.8531,23.831,23.8089,23.7868,23.7649,23.743,23.7212,23.6996,23.678,23.6566,23.6354,23.6144,23.5935,23.5728,23.5523,23.532,23.512,23.4922,23.4727,23.4534,23.4344,23.4157,23.3972,23.3791,23.3613,23.3439,23.3268,23.31,23.2936,23.2776,23.2619,23.2467,23.2318,23.2174,23.2033,23.1897,23.1766,23.1638,23.1515,23.1397,23.1284,23.1175,23.107,23.0971,23.0877,23.0787,23.0702,23.0623,23.0548,23.0479,23.0415,23.0356,23.0302,23.0254,23.0211,23.0173,23.0141,23.0114,23.0092,23.0076,23.0065,23.006
23.0123,23.0128,23.0139,23.0155,23.0177,23.0204,23.0237,23.0275,23.0318,23.0366,23.042,23.0479,23.0543,23.0613,23.0687,23.0767,23.0852,23.0942,23.1036,23.1136,23.124,23.135,23.1463,23.1582,23.1705,23.1833,23.1965,23.2101,23.2242,23.2386,23.2535,23.2688,23.2845,23.3006,23.317,23.3338,23.3509,23.3684,23.3863,23.4044,23.4229,23.4416,23.4607,23.48,23.4996,23.5194,23.5395,23.5598,23.5803,23.601,23.622,23.6431,23.6644,23.6858,23.7074,23.7291,23.7509,23.7728,23.7948,23.8169,23.8391,23.8613,23.8835,23.9058,23.928,23.9503,23.9726,23.9948,24.017,24.0391,24.0611,24.0831,24.105,24.1267,24.1484,24.1699,24.1912,24.2124,24.2334,24.2542,24.2749,24.2953,24.3155,24.3354,24.3551,24.3746,24.3937,24.4126,24.4312,24.4495,24.4674,24.485,24.5023,24.5193,24.5358,24.552,24.5679,24.5833,24.5983,24.6129,24.6271,24.6409,24.6542,24.6671,24.6796,24.6915,24.703,24.7141,24.7246,24.7347,24.7443,24.7534,24.7619,24.77,24.7775,24.7846,24.7911,24.797,24.8025,24.8074,24.8118,24.8156,24.8189,24.8216,24.8238,24.8255,24.8266,24.8271,24.8271,24.8266,24.8255,24.8238,24.8216,24.8189,24.8156,24.8118,24.8074,24.8025,24.797,24.7911,24.7846,24.7775,24.77,24.7619,24.7534,24.7443,24.7347,24.7246,24.7141,24.703,24.6915,24.6796,24.6671,24.6542,24.6409,24.6271,24.6129,24.5983,24.5833,24.5679,24.552,24.5358,24.5193,24.5023,24.485,24.4674,24.4495,24.4312,24.4126,24.3937,24.3746,24.3551,24.3354,24.3155,24.2953,24.2749,24.2542,24.2334,24.2124,24.1912,24.1699,24.1484,24.1267,24.105,24.0831,24.0611,24.0391,24.017,23.9948,23.9726,23.9503,23.928,23.9058,23.8835,23.8613,23.8391,23.8169,23.7948,23.7728,23.7509,23.7291,23.7074,23.6858,23.6644,23.6431,23.622,23.601,23.5803,23.5598,23.5395,23.5194,23.4996,23.48,23.4607,23.4416,23.4229,23.4044,23.3863,23.3684,23.3509,23.3338,23.317,23.3006,23.2845,23.2688,23.2535,23.2386,23.2242,23.2101,23.1965,23.1833,23.1705,23.1582,23.1463,23.135,23.124,23.1136,23.1036,23.0942,23.0852,23.0767,23.0687,23.0613,23.0543,23.0479,23.042,23.0366,23.0318,23.0275,23.0237,23.0204,23.0177,23.0155,23.0139,23.0128,23.0123
23.0191,23.0197,23.0208,23.0224,23.0246,23.0273,23.0306,23.0343,23.0387,23.0435,23.0489,23.0548,23.0613,23.0682,23.0757,23.0837,23.0922,23.1012,23.1107,23.1207,23.1311,23.1421,23.1535,23.1654,23.1777,23.1905,23.2037,23.2174,23.2315,23.246,23.2609,23.2763,23.292,23.3081,23.3245,23.3414,23.3586,23.3761,23.394,23.4121,23.4306,23.4494,23.4685,23.4879,23.5075,23.5274,23.5475,23.5679,23.5885,23.6092,23.6302,23.6514,23.6727,23.6942,23.7158,23.7375,23.7594,23.7814,23.8034,23.8256,23.8478,23.87,23.8923,23.9146,23.937,23.9593,23.9816,24.0039,24.0261,24.0483,24.0704,24.0924,24.1143,24.1361,24.1578,24.1793,24.2007,24.222,24.243,24.2639,24.2846,24.3051,24.3253,24.3453,24.365,24.3845,24.4037,24.4226,24.4413,24.4596,24.4776,24.4952,24.5126,24.5295,24.5461,24.5624,24.5782,24.5937,24.6088,24.6234,24.6376,24.6514,24.6648,24.6777,24.6902,24.7022,24.7137,24.7248,24.7354,24.7455,24.7551,24.7642,24.7728,24.7808,24.7884,24.7954,24.802,24.808,24.8134,24.8183,24.8227,24.8266,24.8298,24.8326,24.8348,24.8365,24.8376,24.8381,24.8381,24.8376,24.8365,24.8348,24.8326,24.8298,24.8266,24.8227,24.8183,24.8134,24.808,24.802,24.7954,24.7884,24.7808,24.7728,24.7642,24.7551,24.7455,24.7354,24.7248,24.7137,24.7022,24.6902,24.6777,24.6648,24.6514,24.6376,24.6234,24.6088,24.5937,24.5782,24.5624,24.5461,24.5295,24.5126,24.4952,24.4776,24.4596,24.4413,24.4226,24.4037,24.3845,24.365,24.3453,24.3253,24.3051,24.2846,24.2639,24.243,24.222,24.2007,24.1793,24.1578,24.1361,24.1143,24.0924,24.0704,24.0483,24.0261,24.0039,23.9816,23.9593,23.937,23.9146,23.8923,23.87,23.8478,23.8256,23.8034,23.7814,23.7594,23.7375,23.7158,23.6942,23.6727,23.6514,23.6302,23.6092,23.5885,23.5679,23.5475,23.5274,23.5075,23.4879,23.4685,23.4494,23.4306,23.4121,23.394,23.3761,23.3586,23.3414,23.3245,23.3081,23.292,23.2763,23.2609,23.246,23.2315,23.2174,23.2037,23.1905,23.1777,23.1654,23.1535,23.1421,23.1311,23.1207,23.1107,23.1012,23.0922,23.0837,23.0757,23.0682,23.0613,23.0548,23.0489,23.0435,23.0387,23.0343,23.0306,23.0273,23.0246,23.0224,23.0208,23.0197,23.0191
23.0265,23.027,23.0281,23.0298,23.0319,23.0347,23.0379,23.0417,23.0461,23.051,23.0564,23.0623,23.0687,23.0757,23.0832,23.0912,23.0997,23.1088,23.1183,23.1283,23.1388,23.1497,23.1612,23.1731,23.1855,23.1983,23.2115,23.2252,23.2394,23.2539,23.2689,23.2842,23.3,23.3161,23.3326,23.3495,23.3667,23.3843,23.4022,23.4205,23.439,23.4578,23.477,23.4964,23.5161,23.536,23.5562,23.5766,23.5972,23.618,23.6391,23.6603,23.6816,23.7032,23.7248,23.7466,23.7686,23.7906,23.8127,23.8349,23.8572,23.8795,23.9018,23.9242,23.9466,23.9689,23.9913,24.0136,24.0359,24.0581,24.0803,24.1023,24.1243,24.1462,24.1679,24.1895,24.211,24.2323,24.2534,24.2743,24.295,24.3155,24.3358,24.3559,24.3757,24.3952,24.4144,24.4334,24.4521,24.4704,24.4885,24.5062,24.5236,24.5406,24.5572,24.5735,24.5894,24.6049,24.62,24.6347,24.6489,24.6628,24.6762,24.6891,24.7016,24.7137,24.7252,24.7363,24.7469,24.757,24.7667,24.7758,24.7844,24.7925,24.8001,24.8071,24.8137,24.8197,24.8251,24.8301,24.8345,24.8383,24.8416,24.8444,24.8466,24.8482,24.8493,24.8499,24.8499,24.8493,24.8482,24.8466,24.8444,24.8416,24.8383,24.8345,24.8301,24.8251,24.8197,24.8137,24.8071,24.8001,24.7925,24.7844,24.7758,24.7667,24.757,24.7469,24.7363,24.7252,24.7137,24.7016,24.6891,24.6762,24.6628,24.6489,24.6347,24.62,24.6049,24.5894,24.5735,24.5572,24.5406,24.5236,24.5062,24.4885,24.4704,24.4521,24.4334,24.4144,24.3952,24.3757,24.3559,24.3358,24.3155,24.295,24.2743,24.2534,24.2323,24.211,24.1895,24.1679,24.1462,24.1243,24.1023,24.0803,24.0581,24.0359,24.0136,23.9913,23.9689,23.9466,23.9242,23.9018,23.8795,23.8572,23.8349,23.8127,23.7906,23.7686,23.7466,23.7248,23.7032,23.6816,23.6603,23.6391,23.618,23.5972,23.5766,23.5562,23.536,23.5161,23.4964,23.477,23.4578,23.439,23.4205,23.4022,23.3843,23.3667,23.3495,23.3326,23.3161,23.3,23.2842,23.2689,23.2539,23.2394,23.2252,23.2115,23.1983,23.1855,23.1731,23.1612,23.1497,23.1388,23.1283,23.1183,23.1088,23.0997,23.0912,23.0832,23.0757,23.0687,23.0623,23.0564,23.051,23.0461,23.0417,23.0379,23.0347,23.0319,23.0298,23.0281,23.027,23.0265
23.0344,23.0349,23.036,23.0376,23.0398,23.0426,23.0458,23.0496,23.054,23.0589,23.0643,23.0702,23.0767,23.0837,23.0912,23.0993,23.1078,23.1168,23.1264,23.1364,23.1469,23.1579,23.1694,23.1813,23.1937,23.2066,23.2199,23.2336,23.2478,23.2624,23.2774,23.2928,23.3086,23.3247,23.3413,23.3582,23.3755,23.3931,23.4111,23.4293,23.4479,23.4668,23.486,23.5055,23.5252,23.5452,23.5654,23.5859,23.6065,23.6274,23.6485,23.6698,23.6912,23.7128,23.7345,23.7564,23.7784,23.8004,23.8226,23.8449,23.8672,23.8895,23.9119,23.9344,23.9568,23.9792,24.0016,24.024,24.0464,24.0687,24.0909,24.113,24.135,24.157,24.1787,24.2004,24.2219,24.2433,24.2644,24.2854,24.3062,24.3267,24.3471,24.3672,24.387,24.4066,24.4259,24.4449,24.4636,24.4821,24.5001,24.5179,24.5353,24.5524,24.5691,24.5854,24.6013,24.6169,24.632,24.6467,24.661,24.6749,24.6883,24.7013,24.7138,24.7259,24.7375,24.7486,24.7592,24.7694,24.779,24.7882,24.7968,24.8049,24.8125,24.8196,24.8262,24.8322,24.8377,24.8426,24.847,24.8509,24.8542,24.857,24.8592,24.8608,24.8619,24.8625,24.8625,24.8619,24.8608,24.8592,24.857,24.8542,24.8509,24.847,24.8426,24.8377,24.8322,24.8262,24.8196,24.8125,24.8049,24.7968,24.7882,24.779,24.7694,24.7592,24.7486,24.7375,24.7259,24.7138,24.7013,24.6883,24.6749,24.661,24.6467,24.632,24.6169,24.6013,24.5854,24.5691,24.5524,24.5353,24.5179,24.5001,24.4821,24.4636,24.4449,24.4259,24.4066,24.387,24.3672,24.3471,24.3267,24.3062,24.2854,24.2644,24.2433,24.2219,24.2004,24.1787,24.157,24.135,24.113,24.0909,24.0687,24.0464,24.024,24.0016,23.9792,23.9568,23.9344,23.9119,23.8895,23.8672,23.8449,23.8226,23.8004,23.7784,23.7564,23.7345,23.7128,23.6912,23.6698,23.6485,23.6274,23.6065,23.5859,23.5654,23.5452,23.5252,23.5055,23.486,23.4668,23.4479,23.4293,23.4111,23.3931,23.3755,23.3582,23.3413,23.3247,23.3086,23.2928,23.2774,23.2624,23.2478,23.2336,23.2199,23.2066,23.1937,23.1813,23.1694,23.1579,23.1469,23.1364,23.1264,23.1168,23.1078,23.0993,23.0912,23.0837,23.0767,23.0702,23.0643,23.0589,23.054,23.0496,23.0458,23.0426,23.0398,23.0376,23.036,23.0349,23.0344
23.0427,23.0433,23.0444,23.046,23.0482,23.0509,23.0542,23.058,23.0624,23.0673,23.0727,23.0787,23.0852,23.0922,23.0997,23.1078,23.1163,23.1254,23.135,23.145,23.1556,23.1666,23.1781,23.1901,23.2025,23.2154,23.2287,23.2425,23.2567,23.2714,23.2864,23.3018,23.3177,23.3339,23.3505,23.3675,23.3848,23.4025,23.4205,23.4388,23.4574,23.4764,23.4956,23.5151,23.5349,23.5549,23.5752,23.5957,23.6165,23.6374,23.6586,23.6799,23.7014,23.723,23.7448,23.7667,23.7888,23.8109,23.8331,23.8554,23.8778,23.9003,23.9227,23.9452,23.9677,23.9902,24.0127,24.0351,24.0575,24.0799,24.1021,24.1243,24.1464,24.1684,24.1903,24.212,24.2335,24.2549,24.2762,24.2972,24.318,24.3387,24.3591,24.3792,24.3991,24.4187,24.4381,24.4572,24.4759,24.4944,24.5125,24.5303,24.5478,24.5649,24.5816,24.598,24.614,24.6296,24.6447,24.6595,24.6738,24.6878,24.7012,24.7142,24.7268,24.7389,24.7505,24.7617,24.7723,24.7825,24.7922,24.8014,24.81,24.8182,24.8258,24.8329,24.8395,24.8455,24.851,24.8559,24.8604,24.8642,24.8676,24.8703,24.8725,24.8742,24.8753,24.8759,24.8759,24.8753,24.8742,24.8725,24.8703,24.8676,24.8642,24.8604,24.8559,24.851,24.8455,24.8395,24.8329,24.8258,24.8182,24.81,24.8014,24.7922,24.7825,24.7723,24.7617,24.7505,24.7389,24.7268,24.7142,24.7012,24.6878,24.6738,24.6595,24.6447,24.6296,24.614,24.598,24.5816,24.5649,24.5478,24.5303,24.5125,24.4944,24.4759,24.4572,24.4381,24.4187,24.3991,24.3792,24.3591,24.3387,24.318,24.2972,24.2762,24.2549,24.2335,24.212,24.1903,24.1684,24.1464,24.1243,24.1021,24.0799,24.0575,24.0351,24.0127,23.9902,23.9677,23.9452,23.9227,23.9003,23.8778,23.8554,23.8331,23.8109,23.7888,23.7667,23.7448,23.723,23.7014,23.6799,23.6586,23.6374,23.6165,23.5957,23.5752,23.5549,23.5349,23.5151,23.4956,23.4764,23.4574,23.4388,23.4205,23.4025,23.3848,23.3675,23.3505,23.3339,23.3177,23.3018,23.2864,23.2714,23.2567,23.2425,23.2287,23.2154,23.2025,23.1901,23.1781,23.1666,23.1556,23.145,23.135,23.1254,23.1163,23.1078,23.0997,23.0922,23.0852,23.0787,23.0727,23.0673,23.0624,23.058,23.0542,23.0509,23.0482,23.046,23.0444,23.0433,23.0427
23.0516,23.0521,23.0532,23.0549,23.0571,23.0598,23.0631,23.0669,23.0713,23.0762,23.0817,23.0877,23.0942,23.1012,23.1088,23.1168,23.1254,23.1345,23.1441,23.1542,23.1648,23.1758,23.1874,23.1994,23.2118,23.2248,23.2381,23.252,23.2662,23.2809,23.2959,23.3114,23.3273,23.3436,23.3602,23.3773,23.3946,23.4123,23.4304,23.4488,23.4675,23.4865,23.5058,23.5253,23.5452,23.5653,23.5856,23.6062,23.627,23.648,23.6692,23.6906,23.7121,23.7338,23.7557,23.7777,23.7998,23.822,23.8443,23.8667,23.8891,23.9116,23.9341,23.9567,23.9792,24.0018,24.0243,24.0469,24.0693,24.0917,24.1141,24.1363,24.1585,24.1805,24.2024,24.2242,24.2459,24.2673,24.2886,24.3097,24.3306,24.3513,24.3717,24.3919,24.4119,24.4316,24.451,24.4701,24.489,24.5075,24.5257,24.5435,24.561,24.5782,24.595,24.6114,24.6274,24.643,24.6583,24.6731,24.6874,24.7014,24.7149,24.728,24.7406,24.7527,24.7644,24.7755,24.7862,24.7964,24.8061,24.8153,24.824,24.8322,24.8398,24.8469,24.8535,24.8596,24.8651,24.8701,24.8745,24.8784,24.8817,24.8845,24.8867,24.8884,24.8895,24.8901,24.8901,24.8895,24.8884,24.8867,24.8845,24.8817,24.8784,24.8745,24.8701,24.8651,24.8596,24.8535,24.8469,24.8398,24.8322,24.824,24.8153,24.8061,24.7964,24.7862,24.7755,24.7644,24.7527,24.7406,24.728,24.7149,24.7014,24.6874,24.6731,24.6583,24.643,24.6274,24.6114,24.595,24.5782,24.561,24.5435,24.5257,24.5075,24.489,24.4701,24.451,24.4316,24.4119,24.3919,24.3717,24.3513,24.3306,24.3097,24.2886,24.2673,24.2459,24.2242,24.2024,24.1805,24.1585,24.1363,24.1141,24.0917,24.0693,24.0469,24.0243,24.0018,23.9792,23.9567,23.9341,23.9116,23.8891,23.8667,23.8443,23.822,23.7998,23.7777,23.7557,23.7338,23.7121,23.6906,23.6692,23.648,23.627,23.6062,23.5856,23.5653,23.5452,23.5253,23.5058,23.4865,23.4675,23.4488,23.4304,23.4123,23.3946,23.3773,23.3602,23.3436,23.3273,23.3114,23.2959,23.2809,23.2662,23.252,23.2381,23.2248,23.2118,23.1994,23.1874,23.1758,23.1648,23.1542,23.1441,23.1345,23.1254,23.1168,23.1088,23.1012,23.0942,23.0877,23.0817,23.0762,23.0713,23.0669,23.0631,23.0598,23.0571,23.0549,23.0532,23.0521,23.0516
23.0609,23.0615,23.0626,23.0642,23.0664,23.0692,23.0725,23.0763,23.0807,23.0856,23.0911,23.0971,23.1036,23.1107,23.1183,23.1264,23.135,23.1441,23.1537,23.1638,23.1744,23.1855,23.1971,23.2092,23.2217,23.2346,23.2481,23.2619,23.2762,23.2909,23.306,23.3216,23.3375,23.3538,23.3705,23.3876,23.405,23.4228,23.4409,23.4593,23.4781,23.4971,23.5165,23.5361,23.556,23.5762,23.5966,23.6172,23.6381,23.6592,23.6804,23.7019,23.7235,23.7453,23.7672,23.7892,23.8114,23.8337,23.8561,23.8785,23.901,23.9236,23.9462,23.9688,23.9914,24.014,24.0367,24.0592,24.0818,24.1043,24.1267,24.149,24.1712,24.1933,24.2153,24.2372,24.2588,24.2804,24.3017,24.3229,24.3439,24.3646,24.3851,24.4054,24.4254,24.4452,24.4646,24.4838,24.5027,24.5213,24.5395,24.5574,24.575,24.5922,24.609,24.6255,24.6416,24.6572,24.6725,24.6874,24.7018,24.7158,24.7293,24.7424,24.7551,24.7672,24.7789,24.7901,24.8009,24.8111,24.8208,24.8301,24.8388,24.847,24.8546,24.8618,24.8684,24.8745,24.88,24.885,24.8894,24.8933,24.8966,24.8994,24.9017,24.9033,24.9045,24.905,24.905,24.9045,24.9033,24.9017,24.8994,24.8966,24.8933,24.8894,24.885,24.88,24.8745,24.8684,24.8618,24.8546,24.847,24.8388,24.8301,24.8208,24.8111,24.8009,24.7901,24.7789,24.7672,24.7551,24.7424,24.7293,24.7158,24.7018,24.6874,24.6725,24.6572,24.6416,24.6255,24.609,24.5922,24.575,24.5574,24.5395,24.5213,24.5027,24.4838,24.4646,24.4452,24.4254,24.4054,24.3851,24.3646,24.3439,24.3229,24.3017,24.2804,24.2588,24.2372,24.2153,24.1933,24.1712,24.149,24.1267,24.1043,24.0818,24.0592,24.0367,24.014,23.9914,23.9688,23.9462,23.9236,23.901,23.8785,23.8561,23.8337,23.8114,23.7892,23.7672,23.7453,23.7235,23.7019,23.6804,23.6592,23.6381,23.6172,23.5966,23.5762,23.556,23.5361,23.5165,23.4971,23.4781,23.4593,23.4409,23.4228,23.405,23.3876,23.3705,23.3538,23.3375,23.3216,23.306,23.2909,23.2762,23.2619,23.2481,23.2346,23.2217,23.2092,23.1971,23.1855,23.1744,23.1638,23.1537,23.1441,23.135,23.1264,23.1183,23.1107,23.1036,23.0971,23.0911,23.0856,23.0807,23.0763,23.0725,23.0692,23.0664,23.0642,23.0626,23.0615,23.0609
